y = [1024 1021*2 1024*4 1024*8 1024*16 1024*32 1024*64 1024*128 1024*256 1024*512 1024*1024];
MIN = [0.064736 0.051328 0.051264 0.064128 0.129152 0.188768 0.301344 0.434752 0.891040 2.573248 3.714784];
MAX = [0.03318 0.02461 0.02707 0.03456 0.05235 0.08694 0.15360 0.28445 0.57018 1.08698 2.12653];
STD = [0.03318 0.02461 0.02707 0.03456 0.05235 0.08694 0.15360 0.28445 0.57018 1.08698 2.12653];
KURT = [0.03318 0.02461 0.02707 0.03456 0.05235 0.08694 0.15360 0.28445 0.57018 1.08698 2.12653];
